0.0158228 30
0.0158228 32
0.0158228 30
0.0158228 30
0.0158228 30
0.0158228 37
0.0158228 34
0.0158228 36
0.0158228 30
0.0158228 34
0.0158228 35
0.0158228 34
0.0158228 37
0.0158228 24
0.0158228 40
0.0158228 34
0.0158228 40
0.0158228 29
0.0158228 28
0.0158228 36
0.0158228 24
0.0158228 29
0.0158228 30
0.0158228 36
0.0158228 26
0.0158228 36
0.0158228 33
0.0158228 36
0.0158228 39
0.0158228 28
0.0158228 34
0.0158228 35
0.0158228 27
0.0158228 30
0.0158228 37
0.0158228 25
0.0158228 31
0.0158228 27
0.0158228 35
0.0158228 25
0.0158228 37
0.0158228 35
0.0158228 27
0.0158228 34
0.0158228 38
0.0158228 33
0.0158228 26
0.0158228 28
0.0158228 28
0.0158228 23
